Paths - People Who Took Path 
-------------------------------
33 people :[21164348] 
24 people :[21172958] 
18 people :[21164354] 
17 people :[21172800] 
13 people :[21172962, 21172958, 21172958, 21164354, 21172958, 21172962, 21164354, 21164354] 
13 people :[21164348, 21172958, 21164354] 
8 people :[21164354, 21164354] 
8 people :[21172962, 21172800] 
8 people :[21172781, 21172931, 21172935, 21172935, 21172935, 21172935, 21172931, 21172935, 21172781, 21172935, 21172935, 21172931] 
8 people :[21172962, 21172962, 21164354] 
7 people :[21172800, 21172800, 21172800] 
7 people :[21172800, 21172958] 
7 people :[21164354, 21164354, 21164354, 21164354, 21172958, 21172962, 21172958, 21164354] 
7 people :[21172934] 
6 people :[21172782, 21172930] 
6 people :[21172800, 21172800] 
6 people :[21172800, 21172800, 21164354, 21164354, 21164354] 
6 people :[21172962] 
6 people :[21172931, 21172931, 21172935, 21172934, 21172930] 
5 people :[21172958, 21172962, 21172962, 21172962] 
5 people :[21172934, 21172934, 21172930, 21172934, 21172782, 21172934, 21172934, 21172934, 21172930, 21172782, 21172782, 21172780, 21172934, 21164348, 21172935, 21172934] 
4 people :[21164348, 21164348, 21164348, 21164348, 21164348, 21164348, 21164348, 21164348, 21164348, 21164348, 21172781, 21172931, 21164348, 21172934, 21164348, 21172780, 21172935, 21172782, 21172931, 21172932, 21172781, 21172781, 21164348, 21164348, 21172781, 21172930, 21172934, 21164348, 21172931, 21172780] 
4 people :[21172958, 21164354, 21164354, 21172958, 21164354, 21172800, 21172800, 21172800, 21172800, 21172800, 21172800, 21172800, 21164354, 21172958, 21164354, 21172800, 21164354, 21172800, 21172800, 21172800, 21172800, 21172958, 21172962, 21164354, 21172962, 21172800, 21172958] 
4 people :[21172958, 21172962, 21164354, 21172962, 21172962, 21164354, 21164354, 21164354, 21172958, 21172962, 21172958, 21164354, 21172962, 21172800, 21172962, 21172962, 21172958, 21172958, 21172962, 21172958, 21172962, 21172800, 21164354, 21172800, 21172800, 21172962, 21172958, 21164354, 21172962, 21164354] 
4 people :[21164348, 21172930, 21164348, 21164348] 
4 people :[21172800, 21172958, 21172958] 
4 people :[21172958, 21172958] 
4 people :[21172800, 21164354, 21172800, 21172800, 21172800] 
4 people :[21172800, 21172800, 21172962, 21172800, 21172800, 21172800, 21172800, 21172800, 21172800, 21172958, 21172962, 21172962, 21172962] 
4 people :[21172931, 21172931, 21172935, 21172931, 21172935, 21172782, 21172781, 21172931, 21172781, 21172931] 
4 people :[21172935, 21172800, 21172958] 
4 people :[21172800, 21172962, 21172962] 
4 people :[21164354, 21172962, 21172958, 21172962, 21172800, 21172962, 21172962, 21172800, 21172800, 21172800, 21172800, 21164354, 21172800, 21172800, 21172958] 
3 people :[21172800, 21172962, 21172962, 21172958, 21172958, 21172800, 21172800, 21164354, 21172958] 
3 people :[21164348, 21164348, 21164348, 21164348] 
3 people :[21172782, 21172962, 21164354, 21172958] 
3 people :[21164377, 21164377, 21164377, 21164377] 
3 people :[21172782, 21172936] 
3 people :[21172958, 21172962, 21164354, 21172958, 21164354, 21172962, 21172962, 21172962, 21172800, 21172800, 21172962, 21172962, 21172800, 21172800, 21172800, 21172800, 21172800, 21164354, 21164354, 21172800, 21172800, 21172800, 21164354, 21172962, 21172800, 21172800, 21172958, 21164354, 21164354, 21172962] 
3 people :[21172800, 21172782] 
3 people :[21172933, 21172931, 21172929, 21172933, 21172781, 21172783, 21172929, 21172933, 21172935, 21172783, 21172931] 
3 people :[21172930, 21172933, 21172934] 
3 people :[21172962, 21172962, 21172800, 21164354, 21172800, 21172800, 21172800] 
3 people :[21172931, 21172931] 
3 people :[21172782] 
3 people :[21172800, 21172800, 21172800, 21172962, 21172962] 
3 people :[21172931, 21172781, 21172934, 21172934, 21172780, 21172934] 
3 people :[21172782, 21164348, 21172782, 21172930, 21164348] 
3 people :[21172962, 21172962] 
3 people :[21172958, 21172800] 
3 people :[21164348, 21164348, 21164348, 21172780, 21172936, 21172782, 21172935] 
3 people :[21172800, 21172962, 21172958, 21164354, 21172800, 21172800, 21172800, 21172800, 21172800, 21172800, 21172800, 21172800, 21172800, 21172962, 21172958, 21172962, 21172962, 21164354, 21172800, 21172962, 21172800, 21164354] 
3 people :[21172958, 21164354, 21172962, 21172958, 21172958, 21172958] 
3 people :[21164348, 21164348, 21164348, 21164348, 21164348] 
3 people :[21172958, 21172958, 21164348, 21172800, 21172800, 21172800, 21172929, 21172800, 21172962, 21164354, 21172800, 21172800] 
3 people :[21172962, 21172800, 21172800, 21172800, 21172962, 21172800, 21172800, 21172800, 21172800, 21172800, 21172800, 21172958, 21172962, 21172962, 21172962] 
3 people :[21172935] 
2 people :[21172962, 21172958, 21172958, 21172958, 21172962, 21172958, 21172962, 21172958, 21172958, 21172962, 21164354, 21164354, 21164354, 21164354, 21172962, 21172958, 21172962, 21172962, 21172958, 21172958, 21164354, 21164354] 
2 people :[21172800, 21172962, 21164354, 21172958] 
2 people :[21172962, 21172962, 21172958] 
2 people :[21172962, 21172958, 21164354, 21164354, 21172958, 21172958, 21172962, 21172962, 21172958, 21164354, 21172958, 21172962, 21172962, 21172962, 21164354, 21172958, 21172958, 21172958, 21164354, 21172800, 21172800, 21164354, 21172958, 21172962, 21172962, 21172962, 21172962, 21164354, 21164354] 
2 people :[21172931, 21172800, 21172800] 
2 people :[21172958, 21172962, 21172800, 21172800, 21164354, 21172800, 21172962, 21172962, 21164354, 21164354, 21172962, 21172958, 21164354, 21172962, 21172962, 21172962, 21172958, 21172958, 21164354, 21172962] 
2 people :[21172781, 21172934, 21164348, 21172935, 21172935, 21164348, 21164348, 21164348, 21164348, 21172930, 21164348] 
2 people :[21172800, 21172800, 21172800, 21172962, 21172781, 21172800, 21172800, 21172800, 21172800, 21172800, 21172800] 
2 people :[21164354, 21172962, 21172958, 21172958, 21164354, 21172962, 21172800, 21172962, 21172800, 21172800, 21172800, 21172800, 21172800, 21172962, 21164354, 21164354, 21172962, 21172962, 21172800, 21164354, 21172800, 21172800, 21172800] 
2 people :[21164354, 21172958] 
2 people :[21164354, 21172958, 21172800] 
2 people :[21172781, 21172930, 21172781, 21172930, 21172935, 21172930, 21164348] 
2 people :[21172800, 21172800, 21172800, 21172958] 
2 people :[21172958, 21172962, 21164354, 21164354, 21172962, 21172800, 21164354, 21172962, 21172800, 21172800] 
2 people :[21164354, 21172958, 21164354, 21172962, 21172962, 21172800, 21172800] 
2 people :[21172781] 
2 people :[21172962, 21172962, 21172800, 21172800, 21164354, 21172962, 21164354, 21164354, 21164354, 21172958, 21172962, 21164354, 21164354, 21172800, 21172962, 21172958, 21164354, 21172800, 21172800, 21172800, 21172800, 21172800, 21172800, 21172800, 21172800, 21172800, 21172962, 21172958, 21172962, 21172962] 
2 people :[21172931, 21172935] 
1 people :[21172962, 21172800, 21172958, 21172800, 21172800, 21172962, 21172962, 21172962, 21172958, 21164354, 21172958, 21164354] 
1 people :[21172958, 21172935, 21172800, 21164354, 21164354] 
1 people :[21164354, 21164354, 21164354, 21164354, 21164348, 21172958, 21172962, 21172958, 21164354, 21172800, 21172800, 21172962, 21172958, 21172958, 21172962, 21164354, 21172962, 21172962, 21164354, 21172962, 21172800, 21172962, 21172800, 21172962, 21172958, 21172962, 21172800, 21172962, 21172962, 21172958] 
1 people :[21172958, 21172958, 21164354] 
1 people :[21172962, 21164354, 21172800, 21172958, 21172958] 
1 people :[21172800, 21164354] 
1 people :[21172800, 21164354, 21164354] 
1 people :[21172800, 21172800, 21172962, 21172958] 
1 people :[21164348, 21172800, 21172935, 21172934, 21172800, 21172800] 
1 people :[21172962, 21172800, 21172962, 21172962, 21164354, 21172962, 21172958, 21172958, 21172962, 21172962] 
1 people :[21164354, 21172958, 21164354, 21172958, 21172800] 
1 people :[21164354, 21172958, 21172958, 21164348, 21172800, 21172800, 21172800, 21172929, 21172800, 21172962, 21164354, 21172800, 21172800] 
1 people :[21172800, 21172931, 21172800, 21172930, 21172800, 21172800, 21172800] 
1 people :[21172800, 21164354, 21172958] 
1 people :[21172800, 21172800, 21172800, 21172800, 21172800, 21172800, 21172800, 21172800, 21172962] 
1 people :[21172962, 21164354, 21172958, 21172962, 21172962, 21172962, 21172800, 21172800, 21172800, 21172962] 
1 people :[21172962, 21172800, 21164354] 
1 people :[21164348, 21164348, 21164348, 21164348, 21164348, 21164348, 21164348, 21164348, 21164348, 21164348, 21172781, 21172931, 21172934, 21164348, 21164348, 21172780, 21172935, 21172782, 21172931, 21172932, 21172781, 21172781, 21164348, 21164348, 21172781, 21172930, 21172934, 21164348, 21172931, 21172780] 
1 people :[21172782, 21172782, 21172930, 21172782] 
1 people :[21172782, 21172934, 21172782] 
1 people :[21172800, 21164348, 21172958, 21164354] 
1 people :[21172800, 21172800, 21172800, 21172800, 21172800] 
1 people :[21172962, 21172962, 21172962, 21172958, 21172962, 21172800, 21172800, 21172962, 21172800, 21172800, 21172800, 21172958, 21164354, 21164354, 21172958, 21172962, 21172962, 21164354, 21172800] 
1 people :[21172958, 21172962] 
1 people :[21172800, 21164354, 21172962, 21164354, 21172958, 21172958, 21164354, 21172958, 21172962, 21172958, 21172958, 21164354, 21172958, 21164354, 21172962, 21172958, 21172962, 21172800, 21164354, 21172962, 21172958, 21172962, 21164354, 21172958, 21164354, 21172962, 21172962, 21172962, 21172800, 21172800] 
1 people :[21164354, 21164354, 21164354] 
1 people :[21172934, 21172930, 21172934, 21172930, 21172782] 
