[21172958] 
[21164348] 
[21172800, 21172800, 21172800, 21172958, 21172958, 21164354, 21172958, 21172958, 21164354, 21164354, 21164354, 21172962, 21172958, 21172958, 21164354, 21172962, 21172958, 21164354, 21164354, 21164354, 21172958, 21164354, 21172962, 21172962] 
[21172962, 21172800, 21164354] 
[21164348] 
[21172800, 21172800, 21172800, 21172958, 21172958, 21164354, 21172958, 21172958, 21164354, 21164354, 21164354, 21172962, 21172958, 21172958, 21164354, 21172962, 21172958, 21164354, 21164354, 21164354, 21172958, 21164354, 21172962, 21172962] 
[21172800, 21172800, 21172800, 21172958, 21172958, 21164354, 21172958, 21172958, 21164354, 21164354, 21164354, 21172962, 21172958, 21172958, 21164354, 21172962, 21172958, 21164354, 21164354, 21164354, 21172958, 21164354, 21172962, 21172962] 
[21164348] 
[21172800, 21172800, 21172800, 21172958, 21172958, 21164354, 21172958, 21172958, 21164354, 21164354, 21164354, 21172962, 21172958, 21172958, 21164354, 21172962, 21172958, 21164354, 21164354, 21164354, 21172958, 21164354, 21172962, 21172962] 
[21172800, 21172958] 
[21172958, 21172962, 21172962, 21172962] 
[21172958, 21172962, 21164354, 21172958, 21164354, 21172962, 21172962, 21172962, 21172800, 21172800, 21172962, 21172962, 21172800, 21172800, 21172800, 21172800, 21172800, 21164354, 21164354, 21172800, 21172800, 21172800, 21164354, 21172962, 21172800, 21172800, 21172958, 21164354, 21164354, 21172962] 
[21164348] 
[21172958] 
[21172958, 21172962, 21164354, 21172958, 21164354, 21172962, 21172962, 21172962, 21172800, 21172800, 21172962, 21172962, 21172800, 21172800, 21172800, 21172800, 21172800, 21164354, 21164354, 21172800, 21172800, 21172800, 21164354, 21172962, 21172800, 21172800, 21172958, 21164354, 21164354, 21172962] 
[21172781, 21172930, 21172781, 21172930, 21172935, 21172930, 21164348] 
[21172962, 21172800] 
[21172781, 21172930, 21172781, 21172930, 21172935, 21172930, 21164348] 
[21172962, 21172800, 21172800, 21172800, 21172962, 21172800, 21172800, 21172800, 21172800, 21172800, 21172800, 21172958, 21172962, 21172962, 21172962] 
[21172962, 21172958, 21172958, 21164354, 21172958, 21172962, 21164354, 21164354] 
[21172958] 
[21172962, 21172800, 21172800, 21172800, 21172962, 21172800, 21172800, 21172800, 21172800, 21172800, 21172800, 21172958, 21172962, 21172962, 21172962] 
[21172962, 21172958, 21172958, 21164354, 21172958, 21172962, 21164354, 21164354] 
[21164354, 21164354] 
[21164354, 21172962, 21172958, 21172962, 21172800, 21172962, 21172962, 21172800, 21172800, 21172800, 21172800, 21164354, 21172800, 21172800, 21172958] 
[21164348, 21164348, 21164348, 21164348, 21164348] 
[21164348, 21164348, 21164348, 21164348] 
[21164354, 21172962, 21172958, 21172962, 21172800, 21172962, 21172962, 21172800, 21172800, 21172800, 21172800, 21164354, 21172800, 21172800, 21172958] 
[21164348, 21164348, 21164348, 21164348, 21164348] 
[21172962] 
[21172800, 21172958] 
[21172962] 
[21172962, 21172800] 
[21172800, 21172958] 
[21172962] 
[21172782, 21172936] 
[21164348, 21164348, 21164348, 21164348] 
[21172962, 21172962, 21164354] 
[21172962, 21172962, 21172800, 21172800, 21164354, 21172962, 21164354, 21164354, 21164354, 21172958, 21172962, 21164354, 21164354, 21172800, 21172962, 21172958, 21164354, 21172800, 21172800, 21172800, 21172800, 21172800, 21172800, 21172800, 21172800, 21172800, 21172962, 21172958, 21172962, 21172962] 
[21164348, 21164348, 21164348, 21172780, 21172936, 21172782, 21172935] 
[21164354, 21164354] 
[21164348] 
[21172958, 21172800] 
[21172781, 21172934, 21164348, 21172935, 21172935, 21164348, 21164348, 21164348, 21164348, 21172930, 21164348] 
[21172958, 21164354, 21164354, 21172958, 21164354, 21172800, 21172800, 21172800, 21172800, 21172800, 21172800, 21172800, 21164354, 21172958, 21164354, 21172800, 21164354, 21172800, 21172800, 21172800, 21172800, 21172958, 21172962, 21164354, 21172962, 21172800, 21172958] 
[21164348] 
[21164348] 
[21172958, 21164354, 21164354, 21172958, 21164354, 21172800, 21172800, 21172800, 21172800, 21172800, 21172800, 21172800, 21164354, 21172958, 21164354, 21172800, 21164354, 21172800, 21172800, 21172800, 21172800, 21172958, 21172962, 21164354, 21172962, 21172800, 21172958] 
[21172962, 21172962, 21164354] 
[21172962, 21172962, 21172800, 21172800, 21164354, 21172962, 21164354, 21164354, 21164354, 21172958, 21172962, 21164354, 21164354, 21172800, 21172962, 21172958, 21164354, 21172800, 21172800, 21172800, 21172800, 21172800, 21172800, 21172800, 21172800, 21172800, 21172962, 21172958, 21172962, 21172962] 
[21172934, 21172930, 21172934, 21172930, 21172782] 
[21172958, 21172800] 
[21172781, 21172934, 21164348, 21172935, 21172935, 21164348, 21164348, 21164348, 21164348, 21172930, 21164348] 
[21172958, 21172800] 
[21164348, 21172958, 21164354] 
[21172800, 21172800] 
[21164354, 21172958, 21164354, 21172962, 21172962, 21172800, 21172800] 
[21172782] 
[21172930, 21172933, 21172934] 
[21172958] 
[21172958] 
[21172931, 21172935] 
[21172800] 
[21172800, 21172800] 
[21164354, 21172958, 21164354, 21172962, 21172962, 21172800, 21172800] 
[21164348] 
[21172962, 21172962, 21172800, 21164354, 21172800, 21172800, 21172800] 
[21172958, 21172962, 21164354, 21172962, 21172962, 21164354, 21164354, 21164354, 21172958, 21172962, 21172958, 21164354, 21172962, 21172800, 21172962, 21172962, 21172958, 21172958, 21172962, 21172958, 21172962, 21172800, 21164354, 21172800, 21172800, 21172962, 21172958, 21164354, 21172962, 21164354] 
[21164354] 
[21164348] 
[21164348] 
[21172962, 21172962, 21172800, 21164354, 21172800, 21172800, 21172800] 
[21172958, 21172962, 21164354, 21172962, 21172962, 21164354, 21164354, 21164354, 21172958, 21172962, 21172958, 21164354, 21172962, 21172800, 21172962, 21172962, 21172958, 21172958, 21172962, 21172958, 21172962, 21172800, 21164354, 21172800, 21172800, 21172962, 21172958, 21164354, 21172962, 21164354] 
[21164354] 
[21172782] 
[21172930, 21172933, 21172934] 
[21172962, 21172800] 
[21172958] 
[21172931, 21172935] 
[21172962, 21172962] 
[21172800, 21172962, 21172962, 21172958, 21172958, 21172800, 21172800, 21164354, 21172958] 
[21172800, 21172800, 21172800, 21172962, 21172781, 21172800, 21172800, 21172800, 21172800, 21172800, 21172800] 
[21164348, 21164348, 21164348] 
[21172800, 21172800, 21172800, 21172962, 21172962] 
[21164348] 
[21172800, 21172962, 21172962, 21172958, 21172958, 21172800, 21172800, 21164354, 21172958] 
[21172800, 21172800, 21172800, 21172962, 21172781, 21172800, 21172800, 21172800, 21172800, 21172800, 21172800] 
[21172962, 21172958, 21172958, 21172958, 21172962, 21172958, 21172962, 21172958, 21172958, 21172962, 21164354, 21164354, 21164354, 21164354, 21172962, 21172958, 21172962, 21172962, 21172958, 21172958, 21164354, 21164354] 
[21164348, 21164348, 21164348] 
[21172800, 21172800, 21172800, 21172962, 21172962] 
[21172782, 21172930] 
[21164348] 
[21164348] 
[21172782, 21172930] 
[21164348, 21172958, 21164354] 
[21172782, 21172962, 21164354, 21172958] 
[21172931, 21172800, 21172800] 
[21164354, 21172962, 21172958, 21172958, 21164354, 21172962, 21172800, 21172962, 21172800, 21172800, 21172800, 21172800, 21172800, 21172962, 21164354, 21164354, 21172962, 21172962, 21172800, 21164354, 21172800, 21172800, 21172800] 
[21172782, 21172962, 21164354, 21172958] 
[21172958] 
[21172800] 
[21172931, 21172931] 
[21172800] 
[21164348] 
[21172958, 21172958, 21164348, 21172800, 21172800, 21172800, 21172929, 21172800, 21172962, 21164354, 21172800, 21172800] 
[21172962, 21172958, 21172958, 21172958, 21172962, 21172958, 21172962, 21172958, 21172958, 21172962, 21164354, 21164354, 21164354, 21164354, 21172962, 21172958, 21172962, 21172962, 21172958, 21172958, 21164354, 21164354] 
[21172958, 21164354, 21172962, 21172958, 21172958, 21172958] 
[21172931, 21172931] 
[21164348] 
[21172958, 21172958, 21164348, 21172800, 21172800, 21172800, 21172929, 21172800, 21172962, 21164354, 21172800, 21172800] 
[21172931, 21172800, 21172800] 
[21164354, 21172962, 21172958, 21172958, 21164354, 21172962, 21172800, 21172962, 21172800, 21172800, 21172800, 21172800, 21172800, 21172962, 21164354, 21164354, 21172962, 21172962, 21172800, 21164354, 21172800, 21172800, 21172800] 
[21172935] 
[21172931, 21172931, 21172935, 21172931, 21172935, 21172782, 21172781, 21172931, 21172781, 21172931] 
[21164348, 21164348, 21164348, 21172780, 21172936, 21172782, 21172935] 
[21172931, 21172931, 21172935, 21172931, 21172935, 21172782, 21172781, 21172931, 21172781, 21172931] 
[21172958] 
[21172800] 
[21172935] 
[21172800, 21172958, 21172958] 
[21172933, 21172931, 21172929, 21172933, 21172781, 21172783, 21172929, 21172933, 21172935, 21172783, 21172931] 
[21164348, 21164348, 21164348, 21164348, 21164348, 21164348, 21164348, 21164348, 21164348, 21164348, 21172781, 21172931, 21172934, 21164348, 21164348, 21172780, 21172935, 21172782, 21172931, 21172932, 21172781, 21172781, 21164348, 21164348, 21172781, 21172930, 21172934, 21164348, 21172931, 21172780] 
[21172962, 21172958, 21164354, 21164354, 21172958, 21172958, 21172962, 21172962, 21172958, 21164354, 21172958, 21172962, 21172962, 21172962, 21164354, 21172958, 21172958, 21172958, 21164354, 21172800, 21172800, 21164354, 21172958, 21172962, 21172962, 21172962, 21172962, 21164354, 21164354] 
[21164354, 21172958, 21172800] 
[21172800, 21164354] 
[21172800, 21172958, 21172958] 
[21172800, 21172800, 21172962, 21172800, 21172800, 21172800, 21172800, 21172800, 21172800, 21172958, 21172962, 21172962, 21172962] 
[21172933, 21172931, 21172929, 21172933, 21172781, 21172783, 21172929, 21172933, 21172935, 21172783, 21172931] 
[21164348, 21164348, 21164348, 21164348, 21164348, 21164348, 21164348, 21164348, 21164348, 21164348, 21172781, 21172931, 21164348, 21172934, 21164348, 21172780, 21172935, 21172782, 21172931, 21172932, 21172781, 21172781, 21164348, 21164348, 21172781, 21172930, 21172934, 21164348, 21172931, 21172780] 
[21172934, 21172934, 21172930, 21172934, 21172782, 21172934, 21172934, 21172934, 21172930, 21172782, 21172782, 21172780, 21172934, 21164348, 21172935, 21172934] 
[21172782, 21172934, 21172934, 21172934, 21172930, 21172782, 21172782, 21172934, 21172782, 21172782, 21172782, 21172930, 21172930, 21172930, 21172934, 21172934, 21172934, 21172934, 21172782, 21172782, 21172930, 21172930, 21172934, 21172782, 21172782, 21172930, 21172930, 21172934, 21172930] 
[21164354, 21172958, 21172800] 
[21172931, 21172781, 21172934, 21172934, 21172780, 21172934] 
[21172800, 21172800, 21172962, 21172800, 21172800, 21172800, 21172800, 21172800, 21172800, 21172958, 21172962, 21172962, 21172962] 
[21172931, 21172931, 21172935, 21172934, 21172930] 
[21164348] 
[21172931, 21172781, 21172934, 21172934, 21172780, 21172934] 
[21172800, 21172958] 
[21172958, 21172962, 21172962, 21172962] 
[21172931, 21172931, 21172935, 21172934, 21172930] 
[21172962, 21172958, 21164354, 21164354, 21172958, 21172958, 21172962, 21172962, 21172958, 21164354, 21172958, 21172962, 21172962, 21172962, 21164354, 21172958, 21172958, 21172958, 21164354, 21172800, 21172800, 21164354, 21172958, 21172962, 21172962, 21172962, 21172962, 21164354, 21164354] 
[21164348] 
[21172800, 21172800, 21164354, 21164354, 21164354] 
[21164354] 
[21172781, 21172931, 21172935, 21172935, 21172935, 21172935, 21172931, 21172935, 21172781, 21172935, 21172935, 21172931] 
[21172958, 21172962, 21172800, 21172800, 21164354, 21172800, 21172962, 21172962, 21164354, 21164354, 21172962, 21172958, 21164354, 21172962, 21172962, 21172962, 21172958, 21172958, 21164354, 21172962] 
[21172962, 21172958, 21172800, 21164354, 21172962, 21172958, 21172962, 21172800, 21172800, 21172800, 21172962, 21172800, 21172800, 21172800, 21172800, 21172800, 21172800, 21172958, 21172962, 21172962, 21172962] 
[21164354] 
[21164348, 21172930, 21164348, 21164348] 
[21164348] 
[21172962, 21172958, 21172800, 21164354, 21172962, 21172958, 21172962, 21172800, 21172800, 21172800, 21172962, 21172800, 21172800, 21172800, 21172800, 21172800, 21172800, 21172958, 21172962, 21172962, 21172962] 
[21172800] 
[21172782, 21164348, 21172782, 21172930, 21164348] 
[21172800, 21172800] 
[21172934, 21172934, 21172930, 21172934, 21172782, 21172934, 21172934, 21172934, 21172930, 21172782, 21172782, 21172780, 21172934, 21164348, 21172935, 21172934] 
[21172782, 21172934, 21172934, 21172934, 21172930, 21172782, 21172782, 21172934, 21172782, 21172782, 21172782, 21172930, 21172930, 21172930, 21172934, 21172934, 21172934, 21172934, 21172782, 21172782, 21172930, 21172930, 21172934, 21172782, 21172782, 21172930, 21172930, 21172934, 21172930] 
[21172800] 
[21172782, 21164348, 21172782, 21172930, 21164348] 
[21172800, 21172800] 
[21172958, 21172962, 21172800, 21172800, 21164354, 21172800, 21172962, 21172962, 21164354, 21164354, 21172962, 21172958, 21164354, 21172962, 21172962, 21172962, 21172958, 21172958, 21164354, 21172962] 
[21172800, 21172800, 21172962, 21172958] 
[21172800, 21164354, 21172800, 21172800, 21172800] 
[21172958] 
[21172800, 21172800, 21172800] 
[21172958, 21172958] 
[21172800, 21164354, 21172800, 21172800, 21172800] 
[21172958, 21172958] 
[21164354, 21164354, 21164354, 21164354, 21172958, 21172962, 21172958, 21164354] 
[21164348, 21172930, 21164348, 21164348] 
[21172962] 
[21172782, 21172782, 21172930, 21172782] 
[21164354, 21164354, 21164354, 21164354, 21172958, 21172962, 21172958, 21164354] 
[21172800, 21172962, 21172962] 
[21172800, 21172800, 21164354, 21164354, 21164354] 
[21172781, 21172931, 21172935, 21172935, 21172935, 21172935, 21172931, 21172935, 21172781, 21172935, 21172935, 21172931] 
[21172958, 21164354, 21172962, 21172958, 21172958, 21172958] 
[21172800, 21172962, 21164354, 21172958] 
[21172800, 21172962, 21172958, 21164354, 21172800, 21172800, 21172800, 21172800, 21172800, 21172800, 21172800, 21172800, 21172800, 21172962, 21172958, 21172962, 21172962, 21164354, 21172800, 21172962, 21172800, 21164354] 
[21172800, 21172962, 21164354, 21172958] 
[21172800, 21172782] 
[21172800, 21172962, 21172958, 21164354, 21172800, 21172800, 21172800, 21172800, 21172800, 21172800, 21172800, 21172800, 21172800, 21172962, 21172958, 21172962, 21172962, 21164354, 21172800, 21172962, 21172800, 21164354] 
[21172800, 21172782] 
[21172958] 
[21172800, 21172800, 21172800] 
[21164354, 21164354, 21164354] 
[21172962, 21164354, 21172958, 21172962, 21172962, 21172962, 21172800, 21172800, 21172800, 21172962] 
[21172800] 
[21164348] 
[21164348] 
[21172930, 21172934, 21172932, 21172935, 21172781] 
[21172930, 21172934, 21172932, 21172935, 21172781] 
[21164354, 21172958] 
[21164354, 21172958] 
[21172800, 21164354, 21172800, 21172800, 21172800] 
[21172958, 21172962, 21164354, 21172958, 21164354, 21172962, 21172962, 21172962, 21172800, 21172800, 21172962, 21172962, 21172800, 21172800, 21172800, 21172800, 21172800, 21164354, 21164354, 21172800, 21172800, 21172800, 21164354, 21172962, 21172800, 21172800, 21172958, 21164354, 21164354, 21172962] 
[21164348] 
[21172958] 
[21172958, 21172962, 21172962, 21172962] 
[21164348] 
[21172958, 21172962, 21172962, 21172962] 
[21172958] 
[21172958, 21172962, 21172962, 21172962] 
[21172931, 21172781, 21172934, 21172934, 21172780, 21172934] 
[21172800, 21172800, 21164354, 21164354, 21164354] 
[21172800] 
[21172962, 21172800] 
[21172800, 21172958] 
[21172800, 21172800, 21164354, 21164354, 21164354] 
[21164354] 
[21164348] 
[21164354] 
[21172800, 21164354, 21164354] 
[21172800, 21164354, 21172800, 21172800, 21172800] 
[21172931, 21172931] 
[21172962] 
[21164348, 21172958, 21164354] 
[21164354, 21164354] 
[21172962] 
[21172800] 
[21172800, 21172800, 21172800] 
[21172800] 
[21172962, 21172962, 21172962, 21172958, 21172962, 21172800, 21172800, 21172962, 21172800, 21172800, 21172800, 21172958, 21164354, 21164354, 21172958, 21172962, 21172962, 21164354, 21172800] 
[21172800] 
[21172800, 21172958, 21172958] 
[21172934] 
[21172800, 21172800, 21172800] 
[21172800, 21172800, 21172962, 21172800, 21172800, 21172800, 21172800, 21172800, 21172800, 21172958, 21172962, 21172962, 21172962] 
[21172934] 
[21172800, 21172800, 21172800] 
[21172958, 21172958] 
[21172958] 
[21164354, 21172962, 21172958, 21172962, 21172800, 21172962, 21172962, 21172800, 21172800, 21172800, 21172800, 21164354, 21172800, 21172800, 21172958] 
[21172800, 21172800, 21172800] 
[21164348, 21164348, 21164348, 21164348] 
[21164354, 21172958, 21164354, 21172958, 21172800] 
[21164354, 21172962, 21172958, 21172962, 21172800, 21172962, 21172962, 21172800, 21172800, 21172800, 21172800, 21164354, 21172800, 21172800, 21172958] 
[21172800, 21172800, 21172800] 
[21164354, 21164354, 21164354, 21164354, 21164348, 21172958, 21172962, 21172958, 21164354, 21172800, 21172800, 21172962, 21172958, 21172958, 21172962, 21164354, 21172962, 21172962, 21164354, 21172962, 21172800, 21172962, 21172800, 21172962, 21172958, 21172962, 21172800, 21172962, 21172962, 21172958] 
[21172782, 21172934, 21172782] 
[21164348, 21164348, 21164348, 21164348, 21164348] 
[21164354, 21164354, 21164354, 21164354, 21172958, 21172962, 21172958, 21164354] 
[21164354] 
[21172958, 21164354, 21164354, 21172958, 21164354, 21172800, 21172800, 21172800, 21172800, 21172800, 21172800, 21172800, 21164354, 21172958, 21164354, 21172800, 21164354, 21172800, 21172800, 21172800, 21172800, 21172958, 21172962, 21164354, 21172962, 21172800, 21172958] 
[21172958] 
[21164348, 21172958, 21164354] 
[21172962, 21172962, 21164354] 
[21172962, 21172962, 21172800, 21164354, 21172800, 21172800, 21172800] 
[21164348, 21172958, 21164354] 
[21164348] 
[21164348, 21172958, 21164354] 
[21164348, 21172958, 21164354] 
[21172962, 21172962, 21164354] 
[21172800, 21172800, 21172800, 21172800, 21172800] 
[21164354, 21164354, 21164354, 21164354, 21172958, 21172962, 21172958, 21164354] 
[21172962, 21172962] 
[21172958] 
[21164348] 
[21164354, 21164354, 21164354, 21164354, 21172958, 21172962, 21172958, 21164354] 
[21172962, 21172962] 
[21172958] 
[21172800, 21172962, 21172962, 21172958, 21172958, 21172800, 21172800, 21164354, 21172958] 
[21164354, 21164354, 21164354, 21164354, 21172958, 21172962, 21172958, 21164354] 
[21172958, 21172958, 21164354] 
[21164348, 21172958, 21164354] 
[21164348] 
[21164348] 
[21164354, 21164354, 21164354, 21164354, 21172958, 21172962, 21172958, 21164354] 
[21172958, 21164354, 21164354, 21172958, 21164354, 21172800, 21172800, 21172800, 21172800, 21172800, 21172800, 21172800, 21164354, 21172958, 21164354, 21172800, 21164354, 21172800, 21172800, 21172800, 21172800, 21172958, 21172962, 21164354, 21172962, 21172800, 21172958] 
[21164348, 21172958, 21164354] 
[21164348] 
[21164348] 
[21172782, 21172930] 
[21164348] 
[21172781] 
[21172962, 21172962, 21164354] 
[21172800, 21172800, 21172800, 21172962, 21172962] 
[21172782, 21172930] 
[21164348] 
[21172781] 
[21172800, 21164348, 21172958, 21164354] 
[21172962, 21172962, 21164354] 
[21172800, 21164354, 21172962, 21164354, 21172958, 21172958, 21164354, 21172958, 21172962, 21172958, 21172958, 21164354, 21172958, 21164354, 21172962, 21172958, 21172962, 21172800, 21164354, 21172962, 21172958, 21172962, 21164354, 21172958, 21164354, 21172962, 21172962, 21172962, 21172800, 21172800] 
[21172782, 21172930] 
[21164348] 
[21172800, 21172800] 
[21172782] 
[21172930, 21172933, 21172934] 
[21172958] 
[21172782, 21172930] 
[21164348] 
[21172962, 21172800, 21172962, 21172962, 21164354, 21172962, 21172958, 21172958, 21172962, 21172962] 
[21172958] 
[21164354, 21172958] 
[21172958, 21172962, 21164354, 21164354, 21172962, 21172800, 21164354, 21172962, 21172800, 21172800] 
[21172782, 21172936] 
[21172800] 
[21172935, 21172800, 21172958] 
[21172962, 21172958, 21172958, 21164354, 21172958, 21172962, 21164354, 21164354] 
[21172800, 21172800, 21172800, 21172958] 
[21172958, 21172962, 21164354, 21164354, 21172962, 21172800, 21164354, 21172962, 21172800, 21172800] 
[21172782, 21172936] 
[21172800] 
[21172935, 21172800, 21172958] 
[21164354] 
[21172962, 21172958, 21172958, 21164354, 21172958, 21172962, 21164354, 21164354] 
[21172935, 21172800, 21172958] 
[21172962, 21172962, 21164354] 
[21164348] 
[21172962, 21172962, 21164354] 
[21172962, 21172958, 21172958, 21164354, 21172958, 21172962, 21164354, 21164354] 
[21172958] 
[21172958, 21172962, 21164354, 21172962, 21172962, 21164354, 21164354, 21164354, 21172958, 21172962, 21172958, 21164354, 21172962, 21172800, 21172962, 21172962, 21172958, 21172958, 21172962, 21172958, 21172962, 21172800, 21164354, 21172800, 21172800, 21172962, 21172958, 21164354, 21172962, 21164354] 
[21172962, 21172800, 21172958, 21172800, 21172800, 21172962, 21172962, 21172962, 21172958, 21164354, 21172958, 21164354] 
[21172958] 
[21172962, 21172958, 21172958, 21164354, 21172958, 21172962, 21164354, 21164354] 
[21164354, 21172958, 21172958, 21164348, 21172800, 21172800, 21172800, 21172929, 21172800, 21172962, 21164354, 21172800, 21172800] 
[21172958, 21172962, 21164354, 21172962, 21172962, 21164354, 21164354, 21164354, 21172958, 21172962, 21172958, 21164354, 21172962, 21172800, 21172962, 21172962, 21172958, 21172958, 21172962, 21172958, 21172962, 21172800, 21164354, 21172800, 21172800, 21172962, 21172958, 21164354, 21172962, 21164354] 
[21172935] 
[21172962, 21172958, 21172958, 21164354, 21172958, 21172962, 21164354, 21164354] 
[21172958] 
[21172782, 21172962, 21164354, 21172958] 
[21172962, 21172958, 21172958, 21164354, 21172958, 21172962, 21164354, 21164354] 
[21172935, 21172800, 21172958] 
[21172958] 
[21172962, 21172958, 21172958, 21164354, 21172958, 21172962, 21164354, 21164354] 
[21172934] 
[21172931, 21172931, 21172935, 21172934, 21172930] 
[21164348, 21164348, 21164348, 21172780, 21172936, 21172782, 21172935] 
[21164377, 21164377, 21164377, 21164377] 
[21172962, 21172958, 21172958, 21164354, 21172958, 21172962, 21164354, 21164354] 
[21172800, 21172931, 21172800, 21172930, 21172800, 21172800, 21172800] 
[21172934] 
[21172800, 21172958] 
[21172931, 21172931, 21172935, 21172934, 21172930] 
[21172800] 
[21172962, 21172958, 21172958, 21164354, 21172958, 21172962, 21164354, 21164354] 
[21172800] 
[21172800, 21172958] 
[21172931, 21172931, 21172935, 21172934, 21172930] 
[21172962, 21164354, 21172800, 21172958, 21172958] 
[21172962, 21172800, 21172800, 21172800, 21172962, 21172800, 21172800, 21172800, 21172800, 21172800, 21172800, 21172958, 21172962, 21172962, 21172962] 
[21172931, 21172931, 21172935, 21172931, 21172935, 21172782, 21172781, 21172931, 21172781, 21172931] 
[21164377, 21164377, 21164377, 21164377] 
[21172962, 21172958, 21172958, 21164354, 21172958, 21172962, 21164354, 21164354] 
[21172931, 21172931, 21172935, 21172934, 21172930] 
[21172931, 21172931, 21172935, 21172931, 21172935, 21172782, 21172781, 21172931, 21172781, 21172931] 
[21164377, 21164377, 21164377, 21164377] 
[21172962, 21172958, 21172958, 21164354, 21172958, 21172962, 21164354, 21164354] 
[21172782, 21164348, 21172782, 21172930, 21164348] 
[21172781, 21172931, 21172935, 21172935, 21172935, 21172935, 21172931, 21172935, 21172781, 21172935, 21172935, 21172931] 
[21164348, 21172800, 21172935, 21172934, 21172800, 21172800] 
[21172800, 21172800] 
[21172958] 
[21164354, 21164354] 
[21172934, 21172934, 21172930, 21172934, 21172782, 21172934, 21172934, 21172934, 21172930, 21172782, 21172782, 21172780, 21172934, 21164348, 21172935, 21172934] 
[21172934] 
[21172800] 
[21172781, 21172931, 21172935, 21172935, 21172935, 21172935, 21172931, 21172935, 21172781, 21172935, 21172935, 21172931] 
[21172958, 21172958, 21164348, 21172800, 21172800, 21172800, 21172929, 21172800, 21172962, 21164354, 21172800, 21172800] 
[21164354, 21164354] 
[21172934] 
[21172800, 21172800, 21164354, 21164354, 21164354] 
[21172800] 
[21172958, 21172935, 21172800, 21164354, 21164354] 
[21172781, 21172931, 21172935, 21172935, 21172935, 21172935, 21172931, 21172935, 21172781, 21172935, 21172935, 21172931] 
[21172933, 21172931, 21172929, 21172933, 21172781, 21172783, 21172929, 21172933, 21172935, 21172783, 21172931] 
[21164354, 21164354] 
[21172934, 21172934, 21172930, 21172934, 21172782, 21172934, 21172934, 21172934, 21172930, 21172782, 21172782, 21172780, 21172934, 21164348, 21172935, 21172934] 
[21172934] 
[21172800, 21172800, 21164354, 21164354, 21164354] 
[21172800, 21172958, 21172958] 
[21172958] 
[21164348, 21164348, 21164348, 21164348, 21164348, 21164348, 21164348, 21164348, 21164348, 21164348, 21172781, 21172931, 21164348, 21172934, 21164348, 21172780, 21172935, 21172782, 21172931, 21172932, 21172781, 21172781, 21164348, 21164348, 21172781, 21172930, 21172934, 21164348, 21172931, 21172780] 
[21164354, 21164354] 
[21172934, 21172934, 21172930, 21172934, 21172782, 21172934, 21172934, 21172934, 21172930, 21172782, 21172782, 21172780, 21172934, 21164348, 21172935, 21172934] 
[21172800, 21172962, 21172962] 
[21172962, 21172962, 21172958] 
[2